Sample_ID	Erysipelotrichia	Clostridia	Actinobacteria	Bacteroidia	Negativicutes	Coriobacteriia	Bacilli	Gammaproteobacteria	Verrucomicrobiae	Melainabacteria	Mollicutes	Deltaproteobacteria	Alphaproteobacteria	Brachyspirae	Methanobacteria	Lentisphaeria
A02_00	5.2191835468285985	69.1802225078676	1.1025663756039183	18.615087983688664	0.48756704046806443	0.46762111608527995	0.016621603652320377	1.6344576924781702	0.04099995567572359	0	1.0405123886352554	0.49089136119852844	0.9972962191392225	0.10305394264438633	0	0.1739727848942866
A11_00	11.709937230797095	60.47860809717065	4.142540992421283	16.182455187090707	3.9467056073443927	1.8564741706711039	0.1307455894588491	0.15395151659223788	0.50204042359307	0.050939840048902243	0.26545316647705725	0.12395361078566215	0	0	0	0
A07_00	1.6326785937695483	83.55331748613366	4.153634430126361	9.371741940864924	0.35030651820342795	0.2669002043454689	0.3148588348137954	0	0.09070436632053047	0	0	0.09383210309020393	0.03857542015930606	0	0	0
A08_00	3.2260461982103394	74.28824829308405	2.265317649856807	13.560690892154625	0.6099313269846304	0.8001942267101365	0.005945715616422066	0.3210686432867916	1.8268211231456797	0	1.8823144688989526	0.14715646150644615	0.0802671608216979	0	0	0
A10_00	9.083442146497623	67.18230066130323	6.778358114653973	7.489153784592056	2.3166673686870807	4.705993850301167	1.0962048776378417	0.1632197464302262	0.02843182679752327	0	0.3338107072153658	0.05686365359504654	0	0	0	0
A04_00	2.0066277143106306	75.80535449550885	10.558995378041335	8.399755821051714	0.6339931978721548	1.2409522978983167	0.3418505276009418	0.6898055289090433	0.03488270689805529	0	0	0.12819394785035318	0	0	0	0
A05_00	1.345535762924225	79.16326197091033	1.6821920793157923	12.130522416516861	3.264149915563545	0.5698098817889633	0.4314430462493872	0.5360352998856023	0.21899003105082532	0	0	0.1721414174429373	0.10350275099417115	0	0	0
A08_07	4.238568588469184	76.39761431411533	1.9562624254473162	12.674353876739563	0.547117296222664	0.7220675944333996	0.22107355864811135	0.2544731610337972	0.7491053677932406	0	1.9562624254473167	0.10019880715705765	0	0	0	0
A02_07	5.962342147966168	72.21350932380858	1.506676699090736	16.03858252726432	0.3988795111912899	0.3898140677551242	0.09790678911058934	1.0887597566834981	0.037168318088279285	0	1.2881995122791432	0.04260758414997869	0.10062642214143905	0.0679908257712426	0	0.19218740084671243
A05_07	1.9296836441407874	76.8142800460646	3.150977906380343	12.557943735302372	2.9942032071071196	0.298065477630573	0.957583734141078	0.5046790473517656	0.19790386420601358	0	0	0.08274220239420127	0.10983906399698064	0	0	0
A10_07	7.356630691349593	73.39187363608023	5.441575986104719	3.813779486646577	4.353409242736896	2.9579430234111728	1.8668072029809535	0.017814462374370926	0.020783539436766082	0	0.25237155030358815	0.02523715503035881	0	0	0	0
A11_07	14.714206682007328	54.91849939465857	2.2056878041740497	20.543123561812976	3.294500613359204	1.9755778805833728	0.30387338341765346	0.18921930999093992	0.9460965499546996	0.018440864956744143	0.17158022177144552	0.2132726121084323	0	0	0	0
A04_07	1.3667975691625898	77.31620631403435	8.192009828656678	10.628331980430442	0.5627344726969571	0.6000307145521161	0.462912178319914	0.35870209078344045	0.1447971742612053	0	0	0.11627651872490731	0	0	0	0
A07_07	2.0674693567632065	73.95053693459164	7.59084499403406	13.096865169758107	0.47293632715045014	0.5033083848573597	1.927540948042087	0	0	0	0	0.1833170625881332	0	0	0	0
A05_14	3.431372549019608	55.09803921568627	4.11764705882353	34.411764705882355	2.941176470588235	0	0	0	0	0	0	0	0	0	0	0
A11_14	16.526265738417266	43.897438152589466	3.1610135252130753	27.4943037992079	2.92876794406317	1.0826217090526307	0.48125681963725714	0.16188478970093914	2.0096801057610647	0.013192648396680948	0.7901846695928694	0.1514406097202334	0	0	0	0
A02_14	5.308431399015866	65.12583902911912	3.8678168677064284	21.23004429828329	0.7031278760138908	0.3779465720982171	0.730124059735192	1.4087099505479	0.041721374842010966	0	0.25891794387247985	0.0478568711423067	0.13988931564674267	0.09203244450443597	0	0.27732443277336705
A04_14	1.7879319794911646	77.19744957782049	8.19312718114519	10.085129706590443	0.7021292833702205	0.6036091665336876	0.08950066952051232	0.6757647450618526	0.17136949900439177	0	0	0.16304385532806506	0	0	0	0
A10_14	6.170350637194902	74.35830513355891	2.976276189790482	7.343941248470015	4.0751673986608115	2.8889768881848945	1.5110879112967097	0.03329973360213118	0	0	0.3878968968248254	0.01529987760097919	0	0	0	0
A07_14	2.9604068289139116	76.68339084634943	2.344033781329459	15.674945513984742	0.4290773701416636	0.43134762077733385	0.9046948783145661	0	0.020432255721031602	0	0	0.06470214311660007	0.2769705775517617	0	0	0
A08_14	2.5855787806068222	71.94967880801342	3.1163309915173225	14.534188062754428	0.8148450190175068	0.7780800673801296	0.22727424648560485	0.25468084679710423	2.80683694409722	0	2.2272876155589274	0.1263377428993509	0	0	0	0
A02_28	4.468504840115613	72.46043033444974	1.374501078130018	15.32687984585035	0.5019039317337248	0.4872230123411478	1.332293434876359	1.4570812497132635	0.17066568793870715	0	0.8212139285222736	0.5165848511263018	0.09267330366564207	0.13121071707115659	0	0.3128870945542964
A10_28	7.864236390698581	65.9065954176122	5.0386745723836714	7.379889222360489	2.770661005782886	5.232657443330162	2.4351560403093964	0.2745040626601274	0	0	2.7487006807700753	0.01708025278774126	0	0	0	0
A11_28	1.1467049250714727	66.24812809584145	9.669323112474823	14.146184806247017	1.25771015069483	0.6381055108160281	0.1141468829523201	1.0754940256149794	1.553724085690449	0	1.1522900936562956	0.27192789547357	0.11624132117162875	0	0.6028491341243328	0
A04_28	2.0101886272889993	81.30629026667992	4.1172309343056686	7.1410597881563165	0.5645050254715682	0.9405251938260528	3.0959943407065573	0.3812426706927412	0.045578202224786	0	0	0.1419571090126147	0	0	0	0
A05_28	0.9461066501089234	75.64222645520466	1.4817777122951767	17.67714505214637	2.585744203912819	0.3294008692815273	0.22310857599898967	0.5440902537333853	0.107344692225929	0	0	0.1315498679239326	0.06314393660348766	0	0	0
A07_28	3.5417411982575393	76.71036848418522	3.369178644331741	14.22378417054231	0.2535827774153497	0.5071655548306994	0.8828047728277111	0	0	0	0	0.07470695932153454	0.20938992823923064	0	0	0
A08_28	3.2069271545417477	79.13298633597977	2.1963173506672105	9.961382552589289	0.558074084734515	0.502906302719212	0.025585058325937653	0.2134753304070423	1.2880477800964236	0	2.2586809303366833	0.10633789866717835	0	0	0	0
A01_00	1.3240919344819695	71.9989973954076	3.0187116530988107	8.280206187813995	9.5596168306797	2.4302263488846023	2.48035657850285	0.12423578644522183	0.2114187944769564	0	0.008718300803173462	0.3062303157114678	0	0	0	0
A06_00	0.5720267142372731	81.33836559583654	8.615783809285114	5.174777749929971	1.187545150304442	1.643839655604535	0.26389892228987605	0.15258960031844784	0	0	0.2668475136003774	0.17101829600908164	0	0	0	0
A09_00	6.541762910998945	74.944154523246	2.3830571952738087	8.08737559528902	1.7300215777416565	1.1045522380965962	2.322221271660916	0.45721998840315203	0.04847862662902444	0.017110103516126275	1.3535993003868785	0.28516839193543786	0.270909972338666	0	0	0
A12_00	1.450696507368846	72.575202607216	3.543102702390909	6.13589824935829	11.126813370634212	2.0621232659417994	2.3490900700833506	0.056239725434776344	0.2581259193032042	0	0.018746575144925445	0.29994520231880717	0	0	0	0
A15_00	9.436631168197708	57.16364523209495	3.431834810178034	22.980245508495244	3.1338915535322336	1.216161287700187	0.47191285261360866	0.31176327127875786	0.04227298593610276	0	0.39346394602064877	0.39387041703926506	0	0	0.11543776928704984	0
A20_00	2.0340404538727186	80.65564874198326	3.9881598421312288	8.005920078934388	0.44499259990133205	2.88751850024667	0.3670448939319191	0	0.5974346324617661	0	0.27084361124815	0.007893438579181055	0	0	0	0
A01_07	4.322820201518924	80.35855126148718	0.6584369433637887	4.997208510939979	4.632985652632418	2.056840034384056	1.3266219437625728	0.09482200934041102	0.4625896156606967	0	0.021268488076353873	0.5742491780615546	0	0	0	0
A06_07	0.41689638765322073	80.16041447959704	5.918116111685938	9.955666996457891	0.9010097653447325	0.9161147069263711	0.2160006646174296	0.24092381822713302	0.01283920034439267	0	0.38895224572718967	0.12990249760209052	0	0.11102132062504248	0	0
A09_07	3.990065268873101	59.72968289724481	1.3527407150696007	28.40755501646162	1.1575116964130998	0.6365159128978224	0.32576676485877665	0.5926182637324554	0.009241610350603592	1.4370704095188587	1.4105007797608733	0.07855368798013053	0.48518454340668854	0	0	0
A03_00	1.9951615972165593	73.39422109869798	11.541493381173721	9.80592024790019	0.9364212128625404	1.0478675691103319	0.8752616271168013	0.2283291201174264	0	0	0.010872815243686973	0.0665959933675827	0	0	0	0
A12_07	12.614200816036899	57.80224410147239	7.179128969309918	9.82903139968068	7.03388327124357	1.291688841582402	2.164271775767252	1.5522441014724144	0	0	0	0.3758648217136775	0	0	0	0
A20_07	2.853527418491877	78.95948160918563	6.244639020288919	8.164825178982415	0.48408054420844343	1.1991609270567056	0.3872644353667547	0.04840805442084434	0.8314295662808178	0	0.1757976713178031	0.010191169351756704	0	0	0	0
A01_14	3.342659071246391	84.22714351524144	0.9292030426624419	3.4415343647824184	3.267379018213278	2.778620464938596	1.0685273199177536	0.014606577454185908	0.40224267143065806	0	0	0.2876372175593533	0	0	0	0
A03_14	1.4152722534631739	76.40155671375678	2.951412700589769	17.037271979152376	0.5323343848580442	0.7594980112467427	0.039432176656151424	0.41575229735290076	0.03857495542449595	0	0.012858318474831985	0.10715265395693321	0.0068577698532437245	0	0	0
A09_14	6.594215203486728	55.22952397124583	1.0958283805965925	28.65908190411502	1.821475066508179	1.2928057961170543	1.974302371653365	1.2588441727514574	0	0	1.3811060168676064	0.4109356427237222	0	0	0	0
A20_14	3.2127111914345954	79.42167091103262	4.787918617705852	8.422328103179167	0.52849201785372	1.659410170048468	0.12322352747884663	0.03491333278567321	0.6585612968591692	0	0.3060050932391358	0	0	0	0	0
A06_14	1.1569965004818177	80.19538976517723	6.066465486635899	8.767180605568797	1.0733123700360097	0.5959324440837857	1.2241973931125425	0.23013135872597254	0	0	0.2707054825784856	0.12489222498351676	0	0	0	0
A12_14	8.384953714364666	65.95875742642657	1.925113987012389	12.802813982406855	7.948003500207249	0.9988255883572054	0.390894855616451	1.2371620688067055	0	0	0	0.010938147653479483	0	0	0	0
A15_07	7.055061383518341	53.77343233110344	3.5102550907887964	31.577593177975455	1.552598691465118	1.0174226273616114	0.8578989928692202	0.2153936631625377	0.03161067411600382	0	0.019848562817025656	0.17128574579136957	0	0	0.016172903036094977	0
A15_14	4.828006306435431	45.354020352587085	2.278199799340691	43.23419807940377	2.0001433280779706	0.7746882614304144	0.450766805217142	0.22717500358320195	0.10391285652859394	0	0.21427547656585927	0.1870431417514691	0	0	0.03439873871291386	0
A03_07	1.5282458540491843	76.88389113194735	6.071829779661205	12.093607839211632	0.7585616247900608	1.4370404974028717	0.03559233430099992	0.7919294381972481	0	0	0	0.07674597083653108	0	0	0	0
A03_28	1.64653300444838	80.87407501106829	7.0625935530116175	8.13252377037084	0.4964897855923091	0.862268884531866	0.15073893702696436	0.34575084856534477	0.05692239580039213	0	0.06535534332637616	0.023190605696456056	0	0	0	0
A12_28	0	0	100	0	0	0	0	0	0	0	0	0	0	0	0	0
A15_28	7.4448626668480635	53.496692011952064	0.8948951672637675	33.04007376838541	2.0623907205014635	0.15469190109795977	1.3015282753616615	0.5406658302218594	0.06651247864798271	0	0.22775485112794075	0.24387908837593658	0	0	0.04484553484598834	0
A01_28	2.1396710342904934	71.27212851965434	15.134513521048232	4.510210482297184	2.6806872037914693	2.6571647616392524	0.718741287984388	0.06708252021187622	0.17946752160579874	0	0	0.20298996375801506	0	0	0	0
A06_28	0.7291948765785012	79.63269441017472	8.215729345329441	8.030170814150594	1.130402511559795	0.9939919156661552	0.13039248136892048	0.15747399673015777	0	0	0.42327405490526476	0.12136530958184134	0	0.048144916197755246	0	0
A09_28	5.9041248606466	56.901417423156595	2.676222328396242	27.48781653129479	1.556298773690078	1.0116260551043161	2.058926580665711	0.28412167542602323	0.008918617614269788	0.16117216117216118	0.9651218346870519	0.0547857939162287	0.2439878961618092	0	0	0
A20_28	3.373379269168395	82.42228156945635	1.6072163368054158	10.509839359049872	0.39373572909690896	0.8108696879967082	0.16136710208889715	0.0395349400117798	0.043569117564002224	0	0.12021849105622838	0	0	0	0	0
