Sample_ID	Erysipelotrichaceae	Lachnospiraceae	Bifidobacteriaceae	Bacteroidaceae	Christensenellaceae	Veillonellaceae	Ruminococcaceae	Prevotellaceae	Rikenellaceae	Peptostreptococcaceae	Clostridiaceae 1	Coriobacteriaceae	Streptococcaceae	Lactobacillaceae	Acidaminococcaceae	Eggerthellaceae	Tannerellaceae	Barnesiellaceae	Burkholderiaceae	Akkermansiaceae	Family XIII	Muribaculaceae	Marinifilaceae	Coriobacteriales Incertae Sedis	Desulfovibrionaceae	Anaeroplasmataceae	Atopobiaceae	Clostridiales vadinBB60 group	Enterobacteriaceae	Brachyspiraceae	Vibrionaceae	Enterococcaceae	Pasteurellaceae	Actinomycetaceae	Flavobacteriaceae	Defluviitaleaceae	Peptococcaceae	Puniceicoccaceae	Leuconostocaceae	Methanobacteriaceae	vadinBE97	Carnobacteriaceae
A02_00	5.2191835468285985	44.87057311289392	1.1025663756039183	11.580825318026683	1.0970258410531448	0.08310801826160187	21.687868445547632	3.224591108550153	0.8576747484597315	0.45432383316342356	0	0.12743229466778955	0	0.016621603652320377	0.4044590222064625	0.20721599219892736	1.3507823234785694	0.91640441469793	1.6344576924781702	0.04099995567572359	0.5906209831124507	0	0.5972696245733788	0.13297282921856302	0.49089136119852844	0.549621027436727	0	0.18837817472629761	0	0.10305394264438633	0	0	0	0	0.08754044590222065	0	0.03435131421479544	0	0	0	0.1739727848942866	0
A11_00	11.709937230797095	38.565420904578346	4.130655029743206	11.317700462420548	0.9746489396023297	3.5861647394427183	18.658131413467363	1.3832996564390787	2.4134164218724354	0.44544060131651186	0.020941934242326477	1.325001839494224	0.1307455894588491	0	0.36054086790167483	0.35035289989189433	0.4544965728807611	0.08263574052377476	0.15395151659223788	0.50204042359307	0.9361610604542702	0	0.5309063329541145	0.09791769253844544	0.12395361078566215	0	0.03905387737082506	0.004527985782124644	0	0	0	0	0	0.01188596267807719	0	0	0.017545944905732996	0	0	0	0	0
A07_00	1.6326785937695483	68.6715459360273	4.153634430126361	7.305350515033987	0.7694232453396723	0.01668126277159181	13.891321573043076	0	0.8976604528962843	0.12302431294048959	0	0	0.2960924141957546	0.018766420618040784	0.3336252554318362	0.2669002043454689	1.0884523958463657	0.08027857708828558	0	0.09070436632053047	0.09800241878310188	0	0	0	0.09383210309020393	0	0	0	0	0	0	0	0	0	0	0	0	0	0	0	0	0
A08_00	3.2260461982103394	35.58064867757375	2.265317649856807	7.37318284066473	8.439447841209756	0.6099313269846304	26.683380733899515	0	4.361182404645588	2.889122313279756	0.03914262780811194	0.058961679862852154	0.005945715616422066	0	0	0.6703794357515881	0.26012505821846543	1.0087897495862772	0.3210686432867916	1.8268211231456797	0.4573246261631306	0	0.5574108390395688	0.0708531110956963	0.14715646150644615	0.40282223301259507	0	0.03171048328758436	0	0	0	0	0	0	0	0	0.0034683341095795386	0	0	0	0	0
A10_00	9.083442146497623	29.7312665852323	6.778358114653973	4.4395771029021525	3.5845162377321937	2.211364306474032	23.64053746682954	0.053704561728655065	1.3857882987237269	8.355797986605452	0.4843940861800261	2.8179099448211957	1.004591213512489	0.09161366412535277	0.10530306221304916	1.2625837159344595	1.13516701065667	0.19586369571627144	0.1632197464302262	0.02843182679752327	1.28575038962133	0	0.27905311486458023	0	0.05686365359504654	0	0.6255001895455119	0	0	0	0	0	0	0	0	0	0	0	0	0	0	0
A04_00	2.0066277143106306	59.921513909479394	10.558995378041335	7.411703148164299	1.0412488009069503	0.04970785732972879	14.659457573907739	0.28691026423650473	0.4290572948460801	0.0688933461236592	0	0.8092788000348828	0.3418505276009418	0	0.5842853405424261	0.2999912793232755	0.24417894828638703	0	0.6898055289090433	0.03488270689805529	0.11424086509113107	0	0.027906165518444232	0.1316822185401587	0.12819394785035318	0	0	0	0	0	0	0	0	0	0	0	0	0	0	0	0	0
A05_00	1.345535762924225	44.35910007081767	1.6821920793157923	8.3150841640791	1.449038513918396	3.126872582666013	26.951026856240112	0	2.380563272865937	3.6236857874380344	2.1583047338889796	0.046848613607888	0.4314430462493872	0	0.13727733289753227	0.269107152584845	0.47175464400501177	0.7680993626409544	0.5360352998856023	0.21899003105082532	0.4172795119028163	0	0.19502097292585932	0.2538541155962303	0.1721414174429373	0	0	0	0	0	0	0	0	0	0	0	0	0	0	0	0	0
A08_07	4.238568588469184	39.462425447316114	1.9562624254473162	7.416302186878726	6.131212723658051	0.547117296222664	29.100596421471163	0	3.9840954274353884	0.9558648111332008	0.3053677932405567	0	0.12246520874751492	0.09860834990059641	0	0.6043737574552684	0.22107355864811135	0.8715705765407554	0.2544731610337972	0.7491053677932406	0.3292246520874752	0	0.18131212723658052	0.11769383697813121	0.10019880715705765	0.07634194831013917	0	0.028628230616302187	0	0	0	0	0	0	0	0	0.015904572564612324	0	0	0	0	0
A02_07	5.962342147966168	38.552611300981766	1.506676699090736	7.733729795392942	2.1285661188117015	0.13054238548078578	28.75830621254839	5.250704838227162	0.6436464839677632	1.2564704602525631	0.5194499088922935	0.16227143750736564	0.025383241621263906	0.07252354748932544	0.2683371257105041	0.1278227524499361	1.377040857953567	0.686254068117742	1.0887597566834981	0.037168318088279285	0.5665902147603551	0	0.2502062388381728	0.09971987779782247	0.04260758414997869	0.6409268509369136	0	0.10243951082867218	0	0.0679908257712426	0	0	0	0	0.09700024476697278	0	0.03444868505742959	0	0	0	0.19218740084671243	0
A05_07	1.9296836441407874	47.20079742192716	3.118074574434111	9.001480649937578	1.039358191478037	2.942428846544666	20.16006503246785	0	1.9722644266594411	4.662111813263914	3.109364868918932	0.035806567117958446	0.957583734141078	0	0.05177436056245342	0.21483940270775065	0.7891960941809488	0.6237116893925464	0.306291310617131	0.19790386420601358	0.20274258949222415	0	0.17129087513185526	0.047419507804863884	0.08274220239420127	0	0	0	0.007741960457936961	0	0	0	0.19064577627669765	0.03290333194623209	0	0	0	0	0	0	0	0
A10_07	7.356630691349593	39.839818292483784	5.441575986104719	2.208251065156397	2.9497780614895865	4.207924466679533	25.137690948768586	0.16181469990053593	0.64948560739894	3.907305414112023	0.491382253826398	1.8074256617330504	1.72800285031398	0.13880435266697347	0.14548477605736257	0.7600837279731595	0.5596710262614867	0.15290746871335045	0.017814462374370926	0.020783539436766082	0.8847849645937558	0	0.08164961921586675	0.011134038983981829	0.02523715503035881	0	0.37929959472098096	0	0	0	0	0	0	0	0	0	0	0	0	0	0	0
A11_07	14.714206682007328	29.442845345285146	2.2056878041740497	13.925258372553579	1.6837311482244655	2.4766883413644636	21.057062450390056	0.488282032985095	3.7346760421093146	0.7191937333130217	0	1.1457389575298862	0.2830271882491601	0.02084619516849338	0.8178122719947403	0.6486373804350442	0.8546940019082285	0.33273734595864435	0.18921930999093992	0.9460965499546996	1.2603930309565996	0	1.2074757662981166	0.12748250122270952	0.2132726121084323	0	0.02164797190574313	0.04730482749773498	0	0	0	0	0	0	0	0	0	0	0	0	0	0
A04_07	1.3667975691625898	57.91448191132269	8.192009828656678	9.05530813277462	1.0015137886400036	0.09104670805818213	18.15888199030298	0.3060485728702749	0.9104670805818214	0.03071455211601325	0	0.35541124591386763	0.462912178319914	0	0.47168776463877493	0.16893003663807288	0.2303591408700994	0	0.35870209078344045	0.1447971742612053	0.13931243281191724	0	0.12614905333362586	0.07568943200017551	0.11627651872490731	0	0	0	0	0	0	0	0	0	0	0	0	0	0	0	0	0
A07_07	2.0674693567632065	60.35470224536284	7.59084499403406	11.517518168998809	0.21802798568174422	0	13.08167914090466	0	0.9469573706475757	0.13558954333441803	0.008677730773402755	0	1.9091007701486065	0.018440177893480854	0.47293632715045014	0.5033083848573597	0.4447337021368912	0.14318255776114547	0	0	0.13016596160104135	0	0.04447337021368912	0	0.1833170625881332	0	0	0	0	0	0	0	0	0	0	0.02169432693350689	0	0	0	0	0	0
A05_14	3.431372549019608	20.686274509803923	4.11764705882353	30.098039215686274	0	2.941176470588235	34.41176470588235	0	4.313725490196078	0	0	0	0	0	0	0	0	0	0	0	0	0	0	0	0	0	0	0	0	0	0	0	0	0	0	0	0	0	0	0	0	0
A11_14	16.526265738417266	22.35274393344308	3.1178625710822647	18.92567866556362	2.3120116315183368	2.160296174956505	15.620370548511838	0.5062678822226314	5.265790638166882	1.5416159345204885	0.004672396307157836	0.6228029430599799	0.4268371450009482	0.037104323615665166	0.7684717691066653	0.2954603547173338	1.3995201174145706	0.27292291370633714	0.14539397920508795	2.0096801057610647	1.0386462143970272	0	1.1241235821338558	0.04480003518039573	0.1514406097202334	0	0.0764074219641105	0.03573008940767757	0.016490810495851188	0	0	0	0	0.043150954130810604	0	0.0038478557823652766	0.004397549465560317	0	0	0	0	0.017315351020643747
A02_14	5.308431399015866	36.12825641466139	3.8678168677064284	10.683126158074927	1.5645515565754116	0.3374522965162652	25.798534843483488	6.779723411826782	0.7620286404967298	0.6221393248499871	0.028223282981360363	0.21106107273017316	0.04417557336212926	0.6859484863730627	0.3656755794976255	0.10184923858490913	1.7437080485440466	0.780435129397617	1.4087099505479	0.041721374842010966	0.50311069662425	0	0.3840820683985127	0.06503626078313475	0.0478568711423067	0.10675763562514572	0	0.10798473488520487	0	0.09203244450443597	0	0	0	0	0.09694084154467253	0	0.060127863742898156	0	0	0	0.27732443277336705	0
A04_14	1.7879319794911646	57.46081743944828	8.19312718114519	8.334663123642748	1.6866366480958555	0.02358932374959239	17.476219880249488	0.2816842777157209	0.993526812041656	0.3122116378622522	0	0.31290544150194605	0.08950066952051232	0	0.6785399596206282	0.18385796451888187	0.4093441474193974	0	0.6757647450618526	0.17136949900439177	0.1685942844456162	0	0.06591134577091991	0.10684576051285964	0.16304385532806506	0	0	0	0	0	0	0	0	0	0	0	0	0	0	0	0	0
A10_14	6.170350637194902	36.76920584635324	2.934876520987832	4.332565339477283	2.1293829649362808	3.9230686154510765	27.634278925768598	1.2500899992800059	0.7955936352509179	6.375548995608035	0.5129958960328317	1.4912880696954425	1.5110879112967097	0	0.15209878320973433	1.125890992872057	0.6569947440420476	0.23399812801497588	0.03329973360213118	0	0.7802937576499387	0	0.07469940240478076	0	0.01529987760097919	0	0.2717978256173951	0	0	0	0	0	0	0.04139966880264958	0	0	0	0	0	0	0	0
A07_14	2.9604068289139116	60.64293498002174	2.344033781329459	11.914275335997095	0.6424809298946603	0.02156738103886669	14.983654195423169	0	1.762849618597893	0.2327006901561932	0	0	0.9046948783145661	0	0.4075099891027969	0.43134762077733385	1.5539865601162368	0.19864693062114058	0	0.020432255721031602	0.14302579004722124	0	0.2451870686523792	0	0.06470214311660007	0	0	0	0	0	0	0	0	0	0	0.03859426080639303	0	0	0	0	0	0
A08_14	2.5855787806068222	30.30969458351996	3.1163309915173225	7.359006410470657	10.584963803233977	0.795459862699617	29.091772003823547	0	5.474635525638542	1.0762104024759522	0.05681856162140121	0.03074886864217007	0.17580331419327666	0.05147093229232816	0.019385156317889826	0.643720880487169	0.3008041497603594	1.04345617283538	0.25468084679710423	2.80683694409722	0.6236672705031451	0	0.3562858040494923	0.10361031825079044	0.1263377428993509	0.14705980654950904	0	0.025401239313097013	0	0	0	0	0	0	0	0	0	0	0	0	0	0
A02_28	4.468504840115613	45.68059824746527	1.374501078130018	9.198513556911504	1.1065742992154883	0.26058631921824105	23.53626645868699	1.9929348075423226	1.0818002477405146	0.749644446483461	0.0412900857916227	0.19819241179978897	0.10368399321007478	1.2286094416662845	0.24131761251548378	0.1880992797173923	1.498371335504886	0.9744460246822958	1.4570812497132635	0.17066568793870715	0.7863467449649034	0	0.44868559893563337	0.1009313208239666	0.5165848511263018	0.37895123182089274	0	0.09083818874156994	0	0.13121071707115659	0	0	0	0	0.13212827453319265	0	0.07340459696288479	0	0	0	0.3128870945542964	0
A10_28	7.864236390698581	26.19378766805747	5.006954102920724	4.492106483175952	3.2537881560647097	2.743820608545007	26.80501671424737	0.22692335846570527	1.1821974965229485	7.15052582778225	0.7161505990288656	3.4087304492106485	2.4351560403093964	0	0.02684039723787912	1.0467754922772858	0.5282678183637117	0.5636483419954615	0.2086230876216968	0	1.6128638703852818	0	0.38674572383671274	0.019520288900275722	0.01708025278774126	0	0.7576312129419516	0	0.06588097503843057	0	0	0	0	0.031720469462948056	0	0	0	0	0	0	0	0
A11_28	1.1467049250714727	30.16619367270214	9.669323112474823	7.339260593493976	3.2051886216153007	1.25771015069483	29.522502993301302	0	2.8480869052231794	0.7571394162800683	0.3794423907314127	0.2558705357922038	0.1141468829523201	0	0	0.04677578689789265	1.6769468675931063	0.5511863247147201	1.0754940256149794	1.5107881021946223	0.37560258732934687	0	1.730704115222028	0.24923814809772651	0.27192789547357	0	0	1.25771015069483	0	0	0	0	0	0	0	0.012217556279300318	0.020595309156534822	0.04293598349582683	0	0.6028491341243328	0	0
A04_28	2.0101886272889993	63.099222796697475	4.1172309343056686	5.849202618847536	0.9585665655400305	0.08356003741210766	16.253376822534626	0.31904741557350197	0.6888955357100467	0.33091673906953994	0.4130524576621232	0.6879459898303636	3.0959943407065573	0	0.48094498805946057	0.18421190065851006	0.21554691468805043	0	0.34658424608431015	0.045578202224786	0.22124418996614867	0	0.068367303337179	0.068367303337179	0.1419571090126147	0	0	0	0.018516144653819313	0	0	0	0.016142279954611708	0	0	0	0	0	0	0	0	0
A05_28	0.9461066501089234	43.369360457162124	1.4817777122951767	12.477241872849158	1.6754191178792055	2.5047094852716767	25.69011060712895	0	3.298218288588838	3.4823881036823434	1.0334557624104146	0.017890782037654835	0.22310857599898967	0	0.08103471864114248	0.20627019290472634	0.8187663779585566	0.8829627135054356	0.486208311846855	0.107344692225929	0.2883573104892603	0	0.19995579924437756	0.10523989433914609	0.1315498679239326	0	0	0	0	0	0	0	0.05788194188653035	0	0	0	0	0	0	0	0	0
A07_28	3.5417411982575393	59.867631894610575	3.369178644331741	10.760958774384981	0.8049411814221679	0	15.9146867568762	0	1.7940192344114985	0	0	0	0.8828047728277111	0	0.2535827774153497	0.5071655548306994	1.1290220753803741	0.32828973673688416	0	0	0.08838569835223806	0	0.21149434962856964	0	0.07470695932153454	0	0	0	0	0	0	0	0	0	0	0.03472295292409352	0	0	0	0	0	0
A08_28	3.2069271545417477	34.92120601568684	2.1963173506672105	5.03625882484629	8.698120297746115	0.5460810886442317	33.91619294332109	0	3.6194862200474924	0.8419083255378857	0.10234023330375061	0.03198132290742207	0	0.025585058325937653	0.011992996090283274	0.38137727567100815	0.2510533848232632	0.8411087924652003	0.2134753304070423	1.2880477800964236	0.42375252852334233	0	0.2134753304070423	0.08954770414078178	0.10633789866717835	0.09834256794032285	0	0.07515610883244185	0	0	0	0	0	0	0	0	0.011992996090283274	0	0	0	0	0
A01_00	1.3240919344819695	48.29829666198059	3.0187116530988107	1.9539891675112522	0.8140713374963219	8.21917808219178	20.45640304704613	2.8890269286516057	1.5289720033565457	1.1867786968319873	0.6288074454288859	1.9550789551116488	2.217717766807249	0.21795752007933655	1.3404387484879199	0.42719673935549957	0.7584921698760911	0.3509116073277318	0.11442769804165168	0.2114187944769564	0.5198286853892178	0.608101481021349	0.1907128300694195	0.013077451204760192	0.3062303157114678	0	0.018526389206743606	0	0.009808088403570144	0	0	0	0	0	0	0	0	0	0.04468129161626399	0	0	0
A06_00	0.5720267142372731	55.15561190641171	8.60841233100886	2.9345855017765263	6.307773960990137	1.187545150304442	17.494729393032472	0	1.961550369311062	1.233248315617214	0.1290008698344366	0.8138112016983886	0.11720650459243097	0.14669241769744504	0	0.48209467926698024	0.05897182621002816	0.09804066107417181	0.15258960031844784	0	0.5808724881687772	0	0.12162939155818306	0.28453906146338587	0.17101829600908164	0	0	0	0	0	0	0	0	0.00737147827625352	0	0	0	0	0	0	0	0
A09_00	6.541762910998945	47.09936217336337	2.3830571952738087	2.2176595279512554	0.7652018516934247	1.6530261119190883	26.17180445052804	4.857368275966958	0.19961787435480652	0.07129209798385948	0.4410604461934772	0.34505375424187984	1.2404825049191548	0.6245187783386089	0.07699546582256823	0.7148221024514976	0.28992119846769515	0.07699546582256823	0.4439121301128316	0.04847862662902444	0.19106282259674337	0.25379986882253974	0.1920133839031948	0.02281347135483503	0.28516839193543786	0.061786484919344874	0	0	0	0	0	0.45721998840315203	0.013307858290320435	0	0	0	0.008555051758063138	0	0	0	0	0
A12_00	1.450696507368846	49.5097049577481	3.543102702390909	1.3353329680154589	0.6748767052173161	9.92270642863323	20.223228448648804	1.7290110460588932	1.5199146309808786	0.8955094742306694	0.5782597410088541	1.5833645776252416	2.118362991376576	0.17304530903008106	1.2041069420009807	0.4585700689297148	0.34897470654399676	0.33599630836674066	0.056239725434776344	0.2581259193032042	0.5681654313154327	0.633057422201713	0.23361116719060943	0	0.29994520231880717	0	0.02018861938684279	0	0	0	0	0	0	0	0	0	0	0	0.057681769676693674	0	0	0
A15_00	9.436631168197708	20.97715632875376	3.431834810178034	1.2690025201203154	1.0950329241525079	3.0830826762051866	17.56523859848793	18.716770994228117	2.4144378505812534	12.89569953662304	3.589545565401188	0.18738313958214778	0.47191285261360866	0	0.05080887732704659	0.7909926022274613	0.4076904316722218	0.14714250873912688	0.26867734330542237	0.04227298593610276	0.3426550686936021	0	0.025201203154215108	0.009755304446792944	0.39387041703926506	0	0.22803024144378506	0.005284123242012845	0	0	0	0	0.0430859279733355	0	0	0.10568246484025688	0	0	0	0.11543776928704984	0	0
A20_00	2.0340404538727186	50.80858411445486	3.9881598421312288	3.62900838677849	1.4425259003453377	0.44499259990133205	22.556487419832266	0	3.281697089294524	4.439565860878145	0.8835717809570796	0.48741983226443014	0	0.3670448939319191	0	2.2772570300937347	0.08781450419338924	0.5732609768130241	0	0.5974346324617661	0.25456339417858903	0.33053774050320667	0.10360138135175134	0.06561420818944252	0.007893438579181055	0	0	0.025653675382338433	0	0	0	0	0	0	0	0	0	0	0	0	0	0
A01_07	4.322820201518924	56.42972980158273	0.6584369433637887	1.960245651037282	0.59020054411882	2.0860842054890423	22.354067155251098	1.717430412165575	0.40232889944436073	0.09216344833086677	0.3225720691580337	1.4311920101379794	1.2176209423712594	0.0779844562799642	2.546901447143376	0.5893143571156385	0.7550313267105625	0.06469165123224302	0.09482200934041102	0.4625896156606967	0.4625896156606968	0	0.09748057034995525	0.008861870031814113	0.5742491780615546	0	0.017723740063628226	0	0	0	0	0	0	0	0	0	0	0	0	0	0	0.031016545111349398
A06_07	0.41689638765322073	43.24167151283543	5.878843263573678	5.338841602030104	10.355947948371309	0.9010097653447325	24.670901085290055	0.00906296494898306	3.3872831496824185	0.558882838520622	0.05211204845665259	0.5543513560461306	0.2160006646174296	0	0	0.25602875980877143	0.14123120378831933	0.250742030255198	0.24092381822713302	0.01283920034439267	0.7582680673982493	0	0.828506045752868	0.03851760103317801	0.12990249760209052	0	0	0.006797223711737294	0	0.11102132062504248	0	0	0	0.03927284811225993	0	0	0	0	0	0	0	0
A09_07	3.990065268873101	39.495177034598285	1.3434991047189973	2.4559579506729055	0.8271241263790216	1.0096459308034424	17.780858314561318	24.930399122047017	0.15710737596026106	0.44706290071044885	0.9726794894010281	0.19869462253797723	0.32576676485877665	0	0.14786576560965747	0.3685092127303182	0.33616357650320566	0.04967365563449431	0.5648934326806446	0.009241610350603592	0.051984058222145205	0.3384739790908566	0.13977935655287932	0.027724831051810776	0.07855368798013053	0.18945301218737365	0	0	0.015017616819730836	0	0	0	0.01270721423207994	0.009241610350603592	0	0	0	0	0	0	0	0
A03_00	1.9951615972165593	50.68498736035226	11.541493381173721	7.381282448557994	2.35396450025823	0.9364212128625404	19.655331756775126	0.08698252194949578	0.6727554432031314	0.5164587240751312	0.08426431813857403	0.6754736470140531	0.8752616271168013	0	0	0.2228927124955829	0.729837723232488	0.0761097067058088	0.2283291201174264	0	0.09921443909864364	0.7067329908396532	0.1522194134116176	0.10329174481502623	0.0665959933675827	0	0	0	0	0	0	0	0	0	0	0	0	0	0	0	0	0
A12_07	12.614200816036899	39.10989888238424	7.1536278162143	4.154470463012239	0	7.015034592868548	10.568564839453611	3.420480752173142	1.0732659215894982	7.388681923008693	0.7350984566258649	1.2162941280823132	2.129900656377506	0	0.018848678375022177	0.07539471350008871	0.5299804860741529	0.5754390633315594	1.4934805747738158	0	0	0	0.07539471350008871	0	0.3758648217136775	0	0	0	0.03326237360298031	0	0	0.034371119389746324	0.025501153095618238	0.025501153095618238	0	0	0	0	0	0	0	0
A20_07	2.853527418491877	49.42122650723147	6.244639020288919	4.072221420139449	2.3685976101707875	0.48408054420844343	21.932245709093074	0.01783454636557423	3.2781594748150726	3.7783760371637976	1.0947014412011993	0.4586026208290517	0.016985282252927836	0.37027915311382686	0	0.6216613304571589	0.06879039312435774	0.518051108714299	0.020382338703513407	0.8314295662808178	0.10191169351756703	0.14182710681194746	0.06794112901171134	0.06029775199789383	0.010191169351756704	0	0	0.0416139415196732	0.019533074590867013	0	0	0	0.008492641126463918	0	0	0	0	0	0	0	0	0
A01_14	3.342659071246391	58.66113863889173	0.9292030426624419	0.8078560915045898	0.7696542735474882	1.375265446455658	21.994134897360695	1.2741429871574477	0.7415647015202077	0.4101077515982966	1.65279041808519	1.8707654970168872	0.9786406894304558	0.08988663048729789	1.8921135717576205	0.8067325086234987	0.06067347557892608	0.11235828810912235	0.014606577454185908	0.40224267143065806	0.6606667340816396	0.3337041156840934	0.11123470522803114	0.014606577454185908	0.2876372175593533	0	0.06853855574656464	0	0	0	0	0	0	0	0	0	0	0	0	0	0	0
A03_14	1.4152722534631739	54.66585516390071	2.951412700589769	13.251783020161842	1.3269784666026607	0.524619393773145	19.767521601975034	0	0.9292278151145248	0.2974557673844466	0.04628994650939514	0.1765875737210259	0.039432176656151424	0	0.007714991084899191	0.31031408585927855	0.9026539569332054	0.09686599917706762	0.41575229735290076	0.03857495542449595	0.24173638732684133	1.4092717048415855	0.4474694829241531	0.25030859964339597	0.10715265395693321	0	0	0	0	0	0	0	0	0	0	0	0.02314497325469757	0	0	0	0	0
A09_14	6.594215203486728	38.741155827248555	1.0958283805965925	5.533480500367918	0.33055980075847624	1.756947982113545	14.588781343748233	21.82939944529349	0.41206769683590877	1.1014886511575255	0.22414671421293939	0.5614988396445351	1.2429954151808458	0.7313069564725194	0.06452708439463406	0.6475349521707138	0.7075338201166016	0.11094130299428312	1.1705439520009056	0	0.12452595234052188	0	0.06565913850682062	0.0271692986924775	0.4109356427237222	0	0	0	0.07811173374087281	0	0	0	0.010188487009679063	0	0	0	0	0	0	0	0	0
A20_14	3.2127111914345954	44.9567348503519	4.787918617705852	3.6097647799775463	2.4500944713710675	0.52849201785372	25.47235685533557	0	3.833620854897451	4.440154440154441	1.3814726580684027	0.8584572414359649	0	0.12322352747884663	0	0.6695144993017333	0.052027711602179685	0.6113256113256114	0.03491333278567321	0.6585612968591692	0.36077110545195656	0.2553465319422766	0.060242613434102796	0.06982666557134642	0	0	0	0.024644705495769324	0	0	0	0	0	0	0	0	0.013006927900544921	0	0	0	0	0
A06_14	1.1569965004818177	62.58114824770501	6.066465486635899	6.7378404422579505	3.7822691078764508	1.0733123700360097	13.44144646751534	0	1.7066490845463307	0.25802606887457524	0	0.305573870264239	1.2241973931125425	0	0	0.1832175280215043	0.1109448699092154	0.06656692194552924	0.23013135872597254	0	0.13249987320586293	0	0.1451792869097733	0.08748795455698129	0.12489222498351676	0	0	0	0	0	0	0	0	0	0	0	0	0	0	0	0	0
A12_14	8.384953714364666	43.678326348270616	1.925113987012389	5.866876986137337	0	7.9140376732832864	19.023165845346103	6.225533090775112	0.32929581356790866	1.845668493529222	1.2291023810620365	0.8445401372449683	0.390894855616451	0	0.033965826923962605	0.1542854511122369	0.18940266199972366	0.15083129922166444	0.4432828259568001	0	0	0	0.04087413070510754	0	0.010938147653479483	0	0	0	0.7489752682724634	0	0	0	0.044903974577442086	0	0	0	0	0	0	0	0	0
A15_07	7.055061383518341	26.233183856502247	3.5102550907887964	0.9938984047636551	0.1036536058222451	1.465853120635154	9.685363522752336	29.096522825847238	1.0446225097404984	13.724913621995146	3.7168271704771003	0.4043225759023745	0.8578989928692202	0	0.08674557082996397	0.49253841064471077	0.40138204807762995	0.041167389546423586	0.023524222597956335	0.03161067411600382	0	0	0	0	0.17128574579136957	0	0.1205616408145262	0	0.07204293170624126	0	0	0	0.11982650885834006	0	0	0.022789090641770197	0	0	0	0.016172903036094977	0	0
A15_14	4.828006306435431	22.388562419377955	2.278199799340691	1.2698867708184034	0.23577468826143044	1.7808513687831447	14.352157087573458	40.71162390712341	0.9925469399455356	4.110649276193206	4.020352587071808	0.28665615594094884	0.44216712053891355	0	0.2192919592948259	0.40776838182599967	0.22072524007453057	0.03439873871291386	0.08384692561272752	0.10391285652859394	0.14977784147914577	0	0.005016482728966605	0	0.1870431417514691	0	0.08026372366346567	0	0.022215852085423534	0	0.1053461373082987	0	0.015766088576752185	0	0	0.018632650136161676	0	0	0.008599684678228465	0.03439873871291386	0	0
A03_07	1.5282458540491843	53.946856195846834	6.071829779661205	7.201886393717954	2.3413082407376513	0.7585616247900608	19.456771997730986	0.01334712536287497	1.23905813785356	0.46603712725371776	0.28473867440799944	0.9565439843393728	0.03559233430099992	0	0	0.27027928859821815	1.6461454614212463	0.08008275217724983	0.7919294381972481	0	0.1356957745225622	1.6049918248857153	0.3080961437930306	0.17017584837665586	0.07674597083653108	0	0	0	0	0	0	0	0	0	0	0	0.01334712536287497	0	0	0	0	0
A03_28	1.64653300444838	58.23161090380119	7.0625935530116175	5.462441759956149	2.3464676491050533	0.4964897855923091	18.850800075896526	0	0.81799591002045	0.883351253346826	0.2972614002909367	0.4047814812472329	0.15073893702696436	0	0	0.28250374212046464	0.7157464212678938	0.06324710644488014	0.34575084856534477	0.05692239580039213	0.2171483987940885	0.7673982248645458	0.3056943478169207	0.1749836611641684	0.023190605696456056	0	0	0	0	0	0	0	0	0	0	0	0	0	0	0	0	0
A12_28	0	0	100	0	0	0	0	0	0	0	0	0	0	0	0	0	0	0	0	0	0	0	0	0	0	0	0	0	0	0	0	0	0	0	0	0	0	0	0	0	0	0
A15_28	7.4448626668480635	21.220503983190483	0.8948951672637675	0.7986536261897924	0.4595407615678805	2.0245995394514735	11.536387868527003	30.117555767186172	1.8190155145395268	15.243954670738036	4.6130435001688	0.03678341622199044	1.0495870683617272	0	0.03779118104999017	0.0957376586599751	0.15368413626996005	0.09069883451997643	0.0826367158959785	0.06651247864798271	0.2348092049239389	0	0.06046588967998427	0.008062118623997904	0.24387908837593658	0	0.014108707591996332	0	0	0	0.1688006086899561	0.2519412069999345	0.2892285056359248	0	0	0.025698003113993315	0	0	0	0.04484553484598834	0	0
A01_28	2.1396710342904934	55.61750766657375	15.123187900752718	1.7188806802341787	0.4939712851965431	1.8051296347923056	12.508712015611929	0.7204836911067743	1.2493030387510453	0.7413925285754113	1.3407792026763312	1.366915249512127	0.6830220239754669	0.0357192640089211	0.8755575689991637	1.1560844717033734	0.11412740451630889	0.2779132980206301	0.06708252021187622	0.17946752160579874	0.3911695009757459	0.2840117089489824	0.145490660719264	0.053143295232785055	0.20298996375801506	0	0.038332868692500695	0	0	0	0	0	0	0.01132562029551157	0	0	0	0	0	0	0	0
A06_28	0.7291948765785012	53.086791241637364	8.215729345329441	4.511579855364648	5.342079659775924	1.130402511559795	20.241928203893725	0	2.748272299621862	0.3570747951333514	0	0.6569775022818685	0.13039248136892048	0	0	0.21264004654008564	0.10030190874532342	0.5526635171867321	0.15747399673015777	0	0.29789666897361056	0	0.11735323323202841	0.08625964152097815	0.12136530958184134	0	0	0	0	0.048144916197755246	0	0	0	0	0	0	0	0	0	0	0	0
A09_28	5.9041248606466	36.848542761586245	2.676222328396242	2.530976270106705	0.8587354674311196	1.5027870680044593	18.4405160057334	23.633062589584323	0.21532091097308487	0.1847427934384456	0.3045070871157828	0.2924032489249881	0.6899187768752986	1.3690078037904125	0.05351170568561873	0.6561554387641345	0.5618729096989966	0.04077082337951903	0.28412167542602323	0.008918617614269788	0.11084567606306735	0.45421245421245415	0.05160057333970377	0.02357063226628444	0.0547857939162287	0.03185220576524924	0	0	0	0	0	0	0	0	0	0	0.004459308807134894	0	0	0	0	0
A20_28	3.373379269168395	50.67491790448682	1.6072163368054158	7.018662105356584	1.6120573498680826	0.39373572909690896	21.952380568173556	0.025818736334223543	2.7053194665203604	4.166498575935324	3.3402990132401706	0.32596154621957224	0	0.16136710208889715	0	0.4268159850251329	0.18718583842312067	0.4429526952340227	0.0395349400117798	0.043569117564002224	0.0338870914386684	0.06535367634600334	0.06454684083555885	0.025818736334223543	0	0	0	0	0	0	0	0	0	0	0	0	0.0338870914386684	0	0	0	0	0
